S005 : {
    c025: {
        src points:
        [[1289, 802], [291, 715], [572, 433], [1602, 439]]
        dst points:
        [[890, 68], [1458, 171], [1460, 831], [472, 834]]
        create plan view
        H:
        [[-2.72757259e+01  6.50136945e+01  2.83472748e+04]
        [ 3.48999036e-01 -5.43745626e+01  4.66219435e+04]
        [-4.25816965e-04  6.29442525e-02  1.00000000e+00]]
        (1080, 1920, 3)
    },
    c026: {
        src points:
        [[565, 518], [31, 1050], [1532, 923], [1764, 520]]
        dst points:
        [[806, 172], [805, 968], [1460, 835], [1856, 122]]
        create plan view
        H:
        [[-1.65056842e+01 -4.83759327e+01  1.88629128e+04]
        [ 9.31713349e-01 -6.61710038e+01  3.04378747e+04]
        [ 2.15395161e-04 -3.93420501e-02  1.00000000e+00]]
        (1080, 1920, 3)
    },
    c027: {
        src points:
        [[408, 444], [61, 959], [1679, 960], [1539, 452]]
        dst points:
        [[134, 137], [248, 953], [890, 955], [1104, 174]]
        create plan view
        H:
        [[-3.02365488e+01 -4.77327120e+01  2.89038992e+04]
        [-3.57130397e-01 -1.30710587e+02  5.34517072e+04]
        [-3.11599086e-04 -7.97179823e-02  1.00000000e+00]]
        (1080, 1920, 3)
    },
    c028: {
        src points:
        [[719, 551], [926, 532], [671, 965], [1138, 308], [448, 763], [815, 436], [981, 349]]
        dst points:
        [[808, 834], [889, 958], [342, 1025], [1712, 953], [473, 833], [1104, 789], [1461, 833]]
        create plan view
        H:
        [[ 3.95020400e+00 -9.67932958e+00  1.72484965e+04]
        [ 1.26698423e+01  4.13334059e+01 -1.67185747e+04]
        [ 4.50991302e-04  3.06650703e-02  1.00000000e+00]]
    },
    c029: {
        src points:
        [[698, 558], [532, 1062], [1586, 869], [1280, 577]]
        dst points:
        [[1712, 898], [1712, 73], [1223, 217], [1224, 789]]
        create plan view
        H:
        [[ 2.21541898e+00 -1.02640447e+01 -3.29699564e+02]
        [ 1.54310707e-01  3.89486767e+00 -4.64704111e+03]
        [-5.84086901e-05 -6.44080689e-03  1.00000000e+00]]
    }
}